
0
00
000
0000
00000
000000
0000000
00000000
000000000
000000001
00000001
000000010
000000011
0000001
00000010
000000100
000000101
00000011
000000110
000000111
000001
0000010
00000100
000001000
000001001
00000101
000001010
000001011
0000011
00000110
000001100
000001101
00000111
000001110
000001111
00001
000010
0000100
00001000
000010000
000010001
00001001
000010010
000010011
0000101
00001010
000010100
000010101
00001011
000010110
000010111
000011
0000110
00001100
000011000
000011001
00001101
000011010
000011011
0000111
00001110
000011100
000011101
00001111
000011110
000011111
0001
00010
000100
0001000
00010000
000100000
000100001
00010001
000100010
000100011
0001001
00010010
000100100
000100101
00010011
000100110
000100111
000101
0001010
00010100
000101000
000101001
00010101
000101010
000101011
0001011
00010110
000101100
00010111
000101110
000101111
00011
000110
0001100
00011000
000110000
000110001
00011001
000110010
000110011
0001101
00011010
000110100
000110101
00011011
000110110
000110111
000111
0001110
00011100
000111000
000111001
00011101
000111010
000111011
0001111
00011110
000111100
000111101
00011111
000111110
001
0010
00100
001000
0010000
00100000
001000000
001000001
00100001
001000010
001000011
0010001
00100010
001000100
001000101
00100011
001000110
001000111
001001
0010010
00100100
001001000
001001001
00100101
001001010
001001011
0010011
00100110
001001100
00100111
001001110
001001111
00101
001010
0010100
00101000
001010001
00101001
001010010
001010011
0010101
00101010
001010100
00101011
001010110
001011
0010110
00101100
001011000
0010111
00101110
001011100
00101111
001011110
0011
00110
001100
0011000
00110000
001100000
001100001
00110001
001100010
001100011
0011001
00110010
00110011
001100110
001100111
001101
0011010
00110100
001101001
00110101
001101010
001101011
0011011
00110110
001101100
00110111
001101110
00111
001110
0011100
00111000
001110000
001110001
00111001
001110010
001110011
0011101
00111010
001110100
001110101
00111011
001110110
001111
0011110
00111100
001111000
001111001
00111101
001111010
0011111
00111110
01
010
0100
01000
010000
0100000
01000000
010000000
010000001
01000001
010000011
0100001
01000010
010000100
01000011
010000110
010000111
010001
0100010
01000100
010001000
010001001
01000101
010001010
010001011
0100011
01000110
010001100
010001101
01000111
010001110
010001111
01001
010010
0100100
01001000
010010001
01001001
010010011
0100101
01001010
010010100
010010101
01001011
010010110
010011
0100110
01001100
010011000
010011001
01001101
010011010
010011011
0100111
01001110
010011100
01001111
010011110
010011111
0101
01010
010100
0101000
01010001
010100011
0101001
01010010
01010011
010100110
010101
0101010
01010100
01010101
010101010
0101011
01010110
010101100
01011
010110
0101100
01011000
010110001
01011001
010110010
010110011
0101101
01011010
010110100
010110101
01011011
010110110
010111
0101110
01011100
010111000
010111001
01011101
010111010
010111011
0101111
01011110
010111101
01011111
010111110
011
0110
01100
011000
0110000
01100000
011000000
011000001
01100001
011000011
0110001
01100010
01100011
011000110
011001
0110010
0110011
01100110
01100111
011001110
011001111
01101
011010
0110100
01101001
011010011
0110101
01101010
01101011
011010110
011011
0110110
01101100
011011001
01101101
011011010
011011011
0110111
01101110
011011101
01101111
011011110
011011111
0111
01110
011100
0111000
01110000
011100000
011100001
01110001
011100010
011100011
0111001
01110010
01110011
011100110
011100111
011101
0111010
01110100
011101001
01110101
011101010
011101011
0111011
01110110
011101101
01110111
011101111
01111
011110
0111100
01111000
011110000
011110001
01111001
011110010
011110011
0111101
01111010
011110101
01111011
011110110
011110111
011111
0111110
01111101
011111011
0111111
01111110
011111101
01111111
011111111
1
10
100
1000
10000
100000
1000000
10000000
100000000
100000001
10000001
100000011
1000001
10000011
100000111
100001
1000010
10000100
100001000
1000011
10000110
100001100
10000111
100001110
100001111
10001
100010
1000100
10001000
100010000
100010001
10001001
100010011
1000101
10001010
100010100
10001011
100010110
100010111
100011
1000110
10001100
100011000
100011001
10001101
100011010
100011011
1000111
10001110
100011100
10001111
100011110
100011111
1001
10010
100100
1001000
10010000
100100000
100100001
10010001
100100011
1001001
10010011
100100111
100101
1001010
10010100
100101000
10010101
100101011
1001011
10010110
100101100
10010111
100101110
100101111
10011
100110
1001100
10011000
100110001
10011001
100110011
1001101
10011010
100110100
10011011
100110110
100110111
100111
1001110
10011100
100111000
1001111
10011110
100111100
10011111
100111110
101
1010
10100
101000
1010000
10100000
101000000
101000001
10100001
101000011
1010001
10100010
101000100
10100011
101000110
101001
1010010
10100100
101001000
10100101
101001010
101001011
1010011
10100110
101001100
101001101
10100111
101001110
101001111
10101
101010
1010100
10101000
1010101
10101010
101010100
10101011
101010110
101011
1010110
10101100
101011000
10101101
101011010
101011011
1010111
10101110
101011100
10101111
101011110
101011111
1011
10110
101100
1011000
10110001
101100011
1011001
10110010
10110011
101100110
101100111
101101
1011010
10110100
10110101
101101010
101101011
1011011
10110110
101101100
101101101
10110111
101101111
10111
101110
1011100
10111000
101110001
10111001
101110010
101110011
1011101
10111010
101110100
101110101
10111011
101110110
101110111
101111
1011110
10111100
101111000
101111001
10111101
101111010
101111011
1011111
10111110
101111101
10111111
101111111
11
110
1100
11000
110000
1100000
11000000
110000000
110000001
11000001
110000011
1100001
11000011
110001
1100010
11000100
110001000
110001001
11000101
1100011
11000110
110001100
11001
110010
1100100
11001000
110010000
110010001
11001001
110010011
1100101
11001010
110010100
110010101
11001011
110010110
110011
1100110
11001100
110011000
110011001
11001101
110011010
110011011
1100111
11001110
110011100
11001111
110011110
110011111
1101
11010
110100
1101000
11010000
110100000
110100001
11010001
110100011
1101001
11010010
110100100
11010011
110100110
110101
1101010
11010100
110101000
11010101
110101010
110101011
1101011
11010110
110101100
110101101
11010111
110101111
11011
110110
1101100
11011000
110110001
11011001
110110010
110110011
1101101
11011010
110110100
110110101
11011011
110110110
110110111
110111
1101110
11011100
110111000
110111001
11011101
110111010
110111011
1101111
11011110
110111100
110111101
11011111
110111111
111
1110
11100
111000
1110000
11100000
111000000
111000001
11100001
111000011
1110001
11100010
111000100
11100011
111000110
111001
1110010
11100100
111001000
1110011
11100110
111001100
11100111
111001111
11101
111010
1110100
11101000
111010000
111010001
11101001
111010010
111010011
1110101
11101010
111010100
11101011
111010111
111011
1110110
11101100
111011000
111011001
11101101
111011011
1110111
11101111
111011111
1111
11110
111100
1111000
11110000
111100000
111100001
11110001
111100010
111100011
1111001
11110010
111100100
11110011
111100110
111100111
111101
1111010
11110100
111101000
111101001
11110101
111101010
111101011
1111011
11110110
111101100
111101101
11110111
111101111
11111
111110
1111100
11111000
111110000
111110001
11111001
111110010
111110011
1111101
11111010
111110100
111110101
11111011
111110111
111111
1111110
11111100
111111000
111111001
11111101
111111011
1111111
11111111
111111111
